0001000000000000001000001
1000000001000100001100100
1000100100000110001000001
1001001001000110011001000
1001101010000110101101100
1010010001100000110000010
1010101000001010111000011
1011010100101101010111000
1011111101010001101110111
1111110000011101001110110
1111110001111101101101111
1111110010001010010000110
1111110011010010100000111
1111110100010100101101100
1111110101000010001000011
1111110110000100010101101
1111110111100101110001000
1111111000100001010010101
1111111001010010010001001
1111111010001100111101110
1111111011001000010100110
1111111100100101011111000
1111111101001000100101010
1111111110100111000001101
1111111111110011101011011
